# . Point group C8h.
---
# . !PointGroup
Label : C8h
Symmetry Operations :
    C8    :  1
    E     :  1
    i     :  1
    sigma :  1
Character Symmetry Operations : [ E, C8, i ]
Character Table :
    Ag  : [ 1.000000 ,      1.000000 ,  1.000000 ]
    Au  : [ 1.000000 ,      1.000000 , -1.000000 ]
    Bg  : [ 1.000000 ,     -1.000000 ,  1.000000 ]
    Bu  : [ 1.000000 ,     -1.000000 , -1.000000 ]
    E1g : [ 2.000000 ,   2*cos(pi/4) ,  2.000000 ]
    E1u : [ 2.000000 ,   2*cos(pi/4) , -2.000000 ]
    E2g : [ 2.000000 ,      0.000000 ,  2.000000 ]
    E2u : [ 2.000000 ,      0.000000 , -2.000000 ]
    E3g : [ 2.000000 , 2*cos(3*pi/4) ,  2.000000 ]
    E3u : [ 2.000000 , 2*cos(3*pi/4) , -2.000000 ]
...
