# . Point group D4h.
---
# . !PointGroup
Label : D4h
Symmetry Operations :
    C2    :  4
    C4    :  1
    E     :  1
    i     :  1
    sigma :  5
Character Symmetry Operations : [ E, C4, i, sigma-m ]
Character Table :
    A1g : [ 1.000000 ,  1.000000 ,  1.000000 ,  1.000000 ]
    A1u : [ 1.000000 ,  1.000000 , -1.000000 , -1.000000 ]
    A2g : [ 1.000000 ,  1.000000 ,  1.000000 , -1.000000 ]
    A2u : [ 1.000000 ,  1.000000 , -1.000000 ,  1.000000 ]
    B1g : [ 1.000000 , -1.000000 ,  1.000000 ,  1.000000 ]
    B1u : [ 1.000000 , -1.000000 , -1.000000 , -1.000000 ]
    B2g : [ 1.000000 , -1.000000 ,  1.000000 , -1.000000 ]
    B2u : [ 1.000000 , -1.000000 , -1.000000 ,  1.000000 ]
    Eg  : [ 2.000000 ,  0.000000 ,  2.000000 ,  0.000000 ]
    Eu  : [ 2.000000 ,  0.000000 , -2.000000 ,  0.000000 ]
...
