# . Point group D5d.
---
# . !PointGroup
Label : D5d
Symmetry Operations :
    C2    :  5
    E     :  1
    S10   :  1
    i     :  1
    sigma :  5
Character Symmetry Operations : [ E, S10, i, sigma ]
Character Table :
    A1g : [ 1.000000 ,       1.000000 ,  1.000000 ,  1.000000 ]
    A1u : [ 1.000000 ,      -1.000000 , -1.000000 , -1.000000 ]
    A2g : [ 1.000000 ,       1.000000 ,  1.000000 , -1.000000 ]
    A2u : [ 1.000000 ,      -1.000000 , -1.000000 ,  1.000000 ]
    E1g : [ 2.000000 ,  2*cos(4*pi/5) ,  2.000000 ,  0.000000 ]
    E1u : [ 2.000000 , -2*cos(4*pi/5) , -2.000000 ,  0.000000 ]
    E2g : [ 2.000000 ,  2*cos(2*pi/5) ,  2.000000 ,  0.000000 ]
    E2u : [ 2.000000 , -2*cos(2*pi/5) , -2.000000 ,  0.000000 ]
...
