# . Point group D6h.
---
# . !PointGroup
Label : D6h
Symmetry Operations :
    C2    :  6
    C6    :  1
    E     :  1
    i     :  1
    sigma :  7
Character Symmetry Operations : [ E, C6, i, sigma-m ]
Character Table :
    A1g : [ 1.000000 ,  1.000000 ,  1.000000 ,  1.000000 ]
    A1u : [ 1.000000 ,  1.000000 , -1.000000 , -1.000000 ]
    A2g : [ 1.000000 ,  1.000000 ,  1.000000 , -1.000000 ]
    A2u : [ 1.000000 ,  1.000000 , -1.000000 ,  1.000000 ]
    B1g : [ 1.000000 , -1.000000 ,  1.000000 , -1.000000 ]
    B1u : [ 1.000000 , -1.000000 , -1.000000 ,  1.000000 ]
    B2g : [ 1.000000 , -1.000000 ,  1.000000 ,  1.000000 ]
    B2u : [ 1.000000 , -1.000000 , -1.000000 , -1.000000 ]
    E1g : [ 2.000000 ,  1.000000 ,  2.000000 ,  0.000000 ]
    E1u : [ 2.000000 ,  1.000000 , -2.000000 ,  0.000000 ]
    E2g : [ 2.000000 , -1.000000 ,  2.000000 ,  0.000000 ]
    E2u : [ 2.000000 , -1.000000 , -2.000000 ,  0.000000 ]
...
