# . Point group D7d.
---
# . !PointGroup
Label : D7d
Symmetry Operations :
    C2    :  7
    E     :  1
    S14   :  1
    i     :  1
    sigma :  7
Character Symmetry Operations : [ E, S14, i, sigma ]
Character Table :
    A1g : [ 1.000000 ,       1.000000 ,  1.000000 ,  1.000000 ]
    A1u : [ 1.000000 ,      -1.000000 , -1.000000 , -1.000000 ]
    A2g : [ 1.000000 ,       1.000000 ,  1.000000 , -1.000000 ]
    A2u : [ 1.000000 ,      -1.000000 , -1.000000 ,  1.000000 ]
    E1g : [ 2.000000 ,  2*cos(6*pi/7) ,  2.000000 ,  0.000000 ]
    E1u : [ 2.000000 , -2*cos(6*pi/7) , -2.000000 ,  0.000000 ]
    E2g : [ 2.000000 ,  2*cos(2*pi/7) ,  2.000000 ,  0.000000 ]
    E2u : [ 2.000000 , -2*cos(2*pi/7) , -2.000000 ,  0.000000 ]
    E3g : [ 2.000000 ,  2*cos(4*pi/7) ,  2.000000 ,  0.000000 ]
    E3u : [ 2.000000 , -2*cos(4*pi/7) , -2.000000 ,  0.000000 ]
...
