# . Point group D8d.
---
# . !PointGroup
Label : D8d
Symmetry Operations :
    C2    :  8
    E     :  1
    S16   :  1
    sigma :  8
Character Symmetry Operations : [ E, S16, sigma ]
Character Table :
    A1 : [ 1.000000 ,       1.000000 ,  1.000000 ]
    A2 : [ 1.000000 ,       1.000000 , -1.000000 ]
    B1 : [ 1.000000 ,      -1.000000 , -1.000000 ]
    B2 : [ 1.000000 ,      -1.000000 ,  1.000000 ]
    E1 : [ 2.000000 ,    2*cos(pi/8) ,  0.000000 ]
    E2 : [ 2.000000 ,    2*cos(pi/4) ,  0.000000 ]
    E3 : [ 2.000000 ,  2*cos(3*pi/8) ,  0.000000 ]
    E4 : [ 2.000000 ,       0.000000 ,  0.000000 ]
    E5 : [ 2.000000 , -2*cos(3*pi/8) ,  0.000000 ]
    E6 : [ 2.000000 ,   -2*cos(pi/4) ,  0.000000 ]
    E7 : [ 2.000000 ,   -2*cos(pi/8) ,  0.000000 ]
...
