# . Point group D8h.
---
# . !PointGroup
Label : D8h
Symmetry Operations :
    C2    :  8
    C8    :  1
    E     :  1
    i     :  1
    sigma :  9
Character Symmetry Operations : [ E, C8, i, sigma-m ]
Character Table :
    A1g : [ 1.000000 ,      1.000000 ,  1.000000 ,  1.000000 ]
    A1u : [ 1.000000 ,      1.000000 , -1.000000 , -1.000000 ]
    A2g : [ 1.000000 ,      1.000000 ,  1.000000 , -1.000000 ]
    A2u : [ 1.000000 ,      1.000000 , -1.000000 ,  1.000000 ]
    B1g : [ 1.000000 ,     -1.000000 ,  1.000000 ,  1.000000 ]
    B1u : [ 1.000000 ,     -1.000000 , -1.000000 , -1.000000 ]
    B2g : [ 1.000000 ,     -1.000000 ,  1.000000 , -1.000000 ]
    B2u : [ 1.000000 ,     -1.000000 , -1.000000 ,  1.000000 ]
    E1g : [ 2.000000 ,   2*cos(pi/4) ,  2.000000 ,  0.000000 ]
    E1u : [ 2.000000 ,   2*cos(pi/4) , -2.000000 ,  0.000000 ]
    E2g : [ 2.000000 ,      0.000000 ,  2.000000 ,  0.000000 ]
    E2u : [ 2.000000 ,      0.000000 , -2.000000 ,  0.000000 ]
    E3g : [ 2.000000 , 2*cos(3*pi/4) ,  2.000000 ,  0.000000 ]
    E3u : [ 2.000000 , 2*cos(3*pi/4) , -2.000000 ,  0.000000 ]
...
