# . Point group Ih.
---
# . !PointGroup
Label : Ih
Symmetry Operations :
    C2    : 15
    E     :  1
    S10   :  6
    S6    : 10
    i     :  1
    sigma : 15
Character Symmetry Operations : [ E, S10, S6, i ]
Character Table :
    Ag  : [ 1.000000 ,       1.000000 ,  1.000000 ,  1.000000 ]
    Au  : [ 1.000000 ,      -1.000000 , -1.000000 , -1.000000 ]
    Gg  : [ 4.000000 ,      -1.000000 ,  1.000000 ,  4.000000 ]
    Gu  : [ 4.000000 ,       1.000000 , -1.000000 , -4.000000 ]
    Hg  : [ 5.000000 ,       0.000000 , -1.000000 ,  5.000000 ]
    Hu  : [ 5.000000 ,       0.000000 ,  1.000000 , -5.000000 ]
    T1g : [ 3.000000 , -2*cos(2*pi/5) ,  0.000000 ,  3.000000 ]
    T1u : [ 3.000000 ,  2*cos(2*pi/5) ,  0.000000 , -3.000000 ]
    T2g : [ 3.000000 , -2*cos(4*pi/5) ,  0.000000 ,  3.000000 ]
    T2u : [ 3.000000 ,  2*cos(4*pi/5) ,  0.000000 , -3.000000 ]
...
