# . Point group Kh.
---
# . !PointGroup
Label : Kh
Symmetry Operations :
    CInfinity :  1
    E         :  1
    i         :  1
    sigma     :  1
CInfinity Rotations : [ C3, C5 ]
Character Symmetry Operations : [ E, C5, C3, i ]
Character Table :
    D(g) : [  5.000000 ,               0.000000 , -1.000000 ,   5.000000 ]
    D(u) : [  5.000000 ,               0.000000 , -1.000000 ,  -5.000000 ]
    F(g) : [  7.000000 ,  sin(7*pi/5)/sin(pi/5) ,  1.000000 ,   7.000000 ]
    F(u) : [  7.000000 ,  sin(7*pi/5)/sin(pi/5) ,  1.000000 ,  -7.000000 ]
    G(g) : [  9.000000 ,              -1.000000 ,  0.000000 ,   9.000000 ]
    G(u) : [  9.000000 ,              -1.000000 ,  0.000000 ,  -9.000000 ]
    H(g) : [ 11.000000 ,               1.000000 , -1.000000 ,  11.000000 ]
    H(u) : [ 11.000000 ,               1.000000 , -1.000000 , -11.000000 ]
    I(g) : [ 13.000000 , sin(13*pi/5)/sin(pi/5) ,  1.000000 ,  13.000000 ]
    I(u) : [ 13.000000 , sin(13*pi/5)/sin(pi/5) ,  1.000000 , -13.000000 ]
    K(g) : [ 15.000000 ,               0.000000 ,  0.000000 ,  15.000000 ]
    K(u) : [ 15.000000 ,               0.000000 ,  0.000000 , -15.000000 ]
    L(g) : [ 17.000000 , sin(17*pi/5)/sin(pi/5) , -1.000000 ,  17.000000 ]
    L(u) : [ 17.000000 , sin(17*pi/5)/sin(pi/5) , -1.000000 , -17.000000 ]
    M(g) : [ 19.000000 ,              -1.000000 ,  1.000000 ,  19.000000 ]
    M(u) : [ 19.000000 ,              -1.000000 ,  1.000000 , -19.000000 ]
    P(g) : [  3.000000 ,  sin(3*pi/5)/sin(pi/5) ,  0.000000 ,   3.000000 ]
    P(u) : [  3.000000 ,  sin(3*pi/5)/sin(pi/5) ,  0.000000 ,  -3.000000 ]
    S(g) : [  1.000000 ,               1.000000 ,  1.000000 ,   1.000000 ]
    S(u) : [  1.000000 ,               1.000000 ,  1.000000 ,  -1.000000 ]
...
