# . Point group Oh.
---
# . !PointGroup
Label : Oh
Symmetry Operations :
    C2    :  6
    C4    :  3
    E     :  1
    S6    :  4
    i     :  1
    sigma :  9
Character Symmetry Operations : [ E, C2, i, S6 ]
Character Table :
    A1g : [ 1.000000 ,  1.000000 ,  1.000000 ,  1.000000 ]
    A1u : [ 1.000000 ,  1.000000 , -1.000000 , -1.000000 ]
    A2g : [ 1.000000 , -1.000000 ,  1.000000 ,  1.000000 ]
    A2u : [ 1.000000 , -1.000000 , -1.000000 , -1.000000 ]
    Eg  : [ 2.000000 ,  0.000000 ,  2.000000 , -1.000000 ]
    Eu  : [ 2.000000 ,  0.000000 , -2.000000 ,  1.000000 ]
    T1g : [ 3.000000 , -1.000000 ,  3.000000 ,  0.000000 ]
    T1u : [ 3.000000 , -1.000000 , -3.000000 ,  0.000000 ]
    T2g : [ 3.000000 ,  1.000000 ,  3.000000 ,  0.000000 ]
    T2u : [ 3.000000 ,  1.000000 , -3.000000 ,  0.000000 ]
...
